objects
0.077462	0	0.996995	0	1.000000	0	-0.996995	0	0.077462	202879.760971	0	9120.270034	0	smokestack_brick
-0.036263	0	0.999342	0	1.000000	0	-0.999342	0	-0.036263	202883.491819	0	8609.290211	0	smokestack_brick
-0.019067	0	0.999818	0	1.000000	0	-0.999818	0	-0.019067	202880.028170	0	8701.616134	0	smokestack_brick
-0.178758	0	0.983893	0	1.000000	0	-0.983893	0	-0.178758	202891.002946	0	8395.046500	0	smokestack_brick
0.425350	0	0.905029	0	1.000000	0	-0.905029	0	0.425350	202892.440510	0	9201.037129	0	smokestack_brick
-0.402392	0	0.915467	0	1.000000	0	-0.915467	0	-0.402392	202923.724954	0	8297.741581	0	smokestack_brick
0.730875	0	0.682512	0	1.000000	0	-0.682512	0	0.730875	202923.975136	0	9236.776370	0	smokestack_brick
-0.733537	0	0.679649	0	1.000000	0	-0.679649	0	-0.733537	202967.802086	0	8217.792863	0	smokestack_brick
0.721165	0	0.692764	0	1.000000	0	-0.692764	0	0.721165	203014.374397	0	9306.152543	0	smokestack_brick
0.998899	0	-0.046915	0	1.000000	0	0.046915	0	0.998899	203067.442327	0	8172.381604	0	smokestack_brick
0.608344	0	0.793673	0	1.000000	0	-0.793673	0	0.608344	203066.932106	0	9369.221792	0	smokestack_brick
0.578369	0	0.815775	0	1.000000	0	-0.815775	0	0.578369	203106.875966	0	9425.984116	0	smokestack_brick
0.511601	0	0.859223	0	1.000000	0	-0.859223	0	0.511601	203148.922134	0	9484.848748	0	smokestack_brick
-0.828777	0	-0.559579	0	1.000000	0	0.559579	0	-0.828777	203155.178645	0	8202.802739	0	smokestack_brick
-0.625130	0	-0.780521	0	1.000000	0	0.780521	0	-0.625130	203182.072692	0	8233.664759	0	smokestack_brick
0.329956	0	0.943996	0	1.000000	0	-0.943996	0	0.329956	203190.968301	0	9571.043387	0	smokestack_brick
-0.723963	0	-0.689838	0	1.000000	0	0.689838	0	-0.723963	203208.966739	0	8270.258297	0	smokestack_brick
0.181642	0	0.983365	0	1.000000	0	-0.983365	0	0.181642	203207.786768	0	9646.726486	0	smokestack_brick
0.167133	0	0.985934	0	1.000000	0	-0.985934	0	0.167133	203226.395141	0	9772.711970	0	smokestack_brick
0.960057	0	0.279804	0	1.000000	0	-0.279804	0	0.960057	203253.994441	0	8300.116050	0	smokestack_brick
0.207481	0	0.978239	0	1.000000	0	-0.978239	0	0.207481	203264.236692	0	9970.328949	0	smokestack_brick
0.268858	0	0.963180	0	1.000000	0	-0.963180	0	0.268858	203299.975934	0	10123.797454	0	smokestack_brick
-0.992845	0	0.119411	0	1.000000	0	-0.119411	0	-0.992845	203302.051017	0	8299.234278	0	smokestack_brick
0.310402	0	0.950605	0	1.000000	0	-0.950605	0	0.310402	203333.612868	0	10226.810560	0	smokestack_brick
-0.911319	0	0.411701	0	1.000000	0	-0.411701	0	-0.911319	203341.289873	0	8290.416558	0	smokestack_brick
-0.715603	0	0.698507	0	1.000000	0	-0.698507	0	-0.715603	203372.006373	0	8268.133731	0	smokestack_brick
-0.566544	0	0.824031	0	1.000000	0	-0.824031	0	-0.566544	203429.234103	0	8193.130478	0	smokestack_brick
-0.573495	0	0.819209	0	1.000000	0	-0.819209	0	-0.573495	203454.206162	0	8152.658521	0	smokestack_brick
-0.748018	0	0.663679	0	1.000000	0	-0.663679	0	-0.748018	203509.316912	0	8082.908977	0	smokestack_brick
-0.789453	0	0.613810	0	1.000000	0	-0.613810	0	-0.789453	203554.802824	0	8055.062310	0	smokestack_brick
-0.682288	0	0.731084	0	1.000000	0	-0.731084	0	-0.682288	203621.969051	0	7989.618294	0	smokestack_brick
-0.647502	0	0.762064	0	1.000000	0	-0.762064	0	-0.647502	203679.663117	0	7921.590961	0	smokestack_brick
-0.650912	0	0.759153	0	1.000000	0	-0.759153	0	-0.650912	203768.356981	0	7817.397199	0	smokestack_brick
-0.475782	0	0.879563	0	1.000000	0	-0.879563	0	-0.475782	203817.439992	0	7760.564237	0	smokestack_brick
-0.202325	0	0.979318	0	1.000000	0	-0.979318	0	-0.202325	203840.427197	0	7680.427404	0	smokestack_brick
-0.182774	0	0.983155	0	1.000000	0	-0.983155	0	-0.182774	203858.163506	0	7542.744396	0	smokestack_brick
-0.137447	0	0.990509	0	1.000000	0	-0.990509	0	-0.137447	203869.803209	0	6714.615428	0	smokestack_brick
-0.589008	0	0.808127	0	1.000000	0	-0.808127	0	-0.589008	203878.758706	0	6689.126706	0	smokestack_brick
0.267569	0	0.963539	0	1.000000	0	-0.963539	0	0.267569	203876.144920	0	6816.585659	0	smokestack_brick
-0.444761	0	0.895649	0	1.000000	0	-0.895649	0	-0.444761	203876.246720	0	7468.689325	0	smokestack_brick
0.539478	0	0.841999	0	1.000000	0	-0.841999	0	0.539478	203918.586392	0	6898.182554	0	smokestack_brick
-0.688543	0	0.725196	0	1.000000	0	-0.725196	0	-0.688543	203928.443514	0	6651.433495	0	smokestack_brick
-0.674675	0	0.738115	0	1.000000	0	-0.738115	0	-0.674675	203932.218576	0	7399.800886	0	smokestack_brick
-0.509875	0	0.860249	0	1.000000	0	-0.860249	0	-0.509875	203978.772053	0	6577.420169	0	smokestack_brick
0.560111	0	0.828418	0	1.000000	0	-0.828418	0	0.560111	203974.558251	0	6970.300138	0	smokestack_brick
-0.588460	0	0.808527	0	1.000000	0	-0.808527	0	-0.588460	203993.927510	0	6547.798140	0	smokestack_brick
-0.495657	0	0.868519	0	1.000000	0	-0.868519	0	-0.495657	203997.662592	0	7336.079081	0	smokestack_brick
0.312333	0	0.949973	0	1.000000	0	-0.949973	0	0.312333	204015.460763	0	7040.264958	0	smokestack_brick
0.048259	0	0.998835	0	1.000000	0	-0.998835	0	0.048259	204024.071819	0	7120.993596	0	smokestack_brick
-0.123761	0	0.992312	0	1.000000	0	-0.992312	0	-0.123761	204022.995437	0	7231.860926	0	smokestack_brick
-0.642136	0	0.766591	0	1.000000	0	-0.766591	0	-0.642136	204035.949458	0	6505.776193	0	smokestack_brick
-0.757924	0	0.652343	0	1.000000	0	-0.652343	0	-0.757924	204056.615990	0	6476.154165	0	smokestack_brick
0.997406	0	-0.071986	0	1.000000	0	0.071986	0	0.997406	204088.359744	0	6460.438235	0	smokestack_brick
-0.927827	0	-0.373011	0	1.000000	0	0.373011	0	-0.927827	204165.520635	0	6485.633494	0	smokestack_brick
-0.904368	0	-0.426752	0	1.000000	0	0.426752	0	-0.904368	204250.698156	0	6526.662418	0	smokestack_brick
-0.931478	0	-0.363798	0	1.000000	0	0.363798	0	-0.931478	204320.527280	0	6558.933562	0	smokestack_brick
-0.958770	0	-0.284182	0	1.000000	0	0.284182	0	-0.958770	204402.814061	0	6585.453581	0	smokestack_brick
-0.990386	0	-0.138332	0	1.000000	0	0.138332	0	-0.990386	204502.440692	0	6612.440204	0	smokestack_brick
-0.999811	0	-0.019422	0	1.000000	0	0.019422	0	-0.999811	204567.571026	0	6613.288554	0	smokestack_brick
0.997753	0	-0.066995	0	1.000000	0	0.066995	0	0.997753	204624.674054	0	6614.763409	0	smokestack_brick
-0.928374	0	0.371646	0	1.000000	0	-0.371646	0	-0.928374	204692.891376	0	6603.760706	0	smokestack_brick
-0.826573	0	0.562829	0	1.000000	0	-0.562829	0	-0.826573	204775.723859	0	6546.890887	0	smokestack_brick
-0.733434	0	0.679761	0	1.000000	0	-0.679761	0	-0.733434	204855.176642	0	6493.236291	0	smokestack_brick
-0.526889	0	0.849934	0	1.000000	0	-0.849934	0	-0.526889	204904.305737	0	6431.209174	0	smokestack_brick
-0.425933	0	0.904755	0	1.000000	0	-0.904755	0	-0.425933	204935.915600	0	6364.064453	0	smokestack_brick
end objects
