objects
0.010747	0	-0.999942	0	1.000000	0	0.999942	0	0.010747	200474.996312	0	8812.441979	0	wasserfluss
0.292369	0	-0.956306	0	1.000000	0	0.956306	0	0.292369	200507.162610	0	8717.134428	0	wasserfluss
-0.329324	0	-0.944217	0	1.000000	0	0.944217	0	-0.329324	200513.119332	0	8933.959107	0	wasserfluss
0.332765	0	-0.943010	0	1.000000	0	0.943010	0	0.332765	200557.199074	0	8534.858737	0	wasserfluss
-0.373564	0	-0.927604	0	1.000000	0	0.927604	0	-0.373564	200560.773107	0	9057.858923	0	wasserfluss
0.352614	0	-0.935769	0	1.000000	0	0.935769	0	0.352614	200601.278816	0	8433.594464	0	wasserfluss
-0.048603	0	-0.998818	0	1.000000	0	0.998818	0	-0.048603	200627.955224	0	2438.530815	0	wasserfluss
-0.534604	0	-0.845103	0	1.000000	0	0.845103	0	-0.534604	200627.488392	0	9216.307727	0	wasserfluss
0.466465	0	-0.884540	0	1.000000	0	0.884540	0	0.466465	200631.062425	0	8340.669601	0	wasserfluss
0.147032	0	-0.989132	0	1.000000	0	0.989132	0	0.147032	200648.456052	0	10054.537633	0	wasserfluss
-0.000000	0	-1.000000	0	1.000000	0	1.000000	0	-0.000000	200648.456052	0	10220.372776	0	wasserfluss
0.545970	0	-0.837805	0	1.000000	0	0.837805	0	0.545970	200689.905132	0	2250.774934	0	wasserfluss
-0.547899	0	-0.836545	0	1.000000	0	0.836545	0	-0.547899	200696.576661	0	2593.882128	0	wasserfluss
0.205446	0	-0.978668	0	1.000000	0	0.978668	0	0.205446	200695.395022	0	9900.139406	0	wasserfluss
0.669901	0	-0.742450	0	1.000000	0	0.742450	0	0.669901	200706.026397	0	8244.161610	0	wasserfluss
-0.552811	0	-0.833307	0	1.000000	0	0.833307	0	-0.552811	200718.030565	0	9317.572000	0	wasserfluss
0.171408	0	-0.985200	0	1.000000	0	0.985200	0	0.171408	200710.882499	0	9770.282867	0	wasserfluss
0.335722	0	-0.941961	0	1.000000	0	0.941961	0	0.335722	200731.135353	0	9682.123383	0	wasserfluss
-0.357183	0	-0.934035	0	1.000000	0	0.934035	0	-0.357183	200770.449718	0	9428.367028	0	wasserfluss
-0.827916	0	-0.560851	0	1.000000	0	0.560851	0	-0.827916	200784.259607	0	2689.189682	0	wasserfluss
0.302166	0	-0.953255	0	1.000000	0	0.953255	0	0.302166	200781.171817	0	9580.859110	0	wasserfluss
-0.066746	0	-0.997770	0	1.000000	0	0.997770	0	-0.066746	200793.085261	0	9504.613069	0	wasserfluss
0.908613	0	-0.417640	0	1.000000	0	0.417640	0	0.908613	200880.439215	0	8077.373390	0	wasserfluss
0.979258	0	-0.202619	0	1.000000	0	0.202619	0	0.979258	200894.458957	0	2066.086762	0	wasserfluss
-0.982231	0	-0.187677	0	1.000000	0	0.187677	0	-0.982231	200999.969047	0	2771.317301	0	wasserfluss
0.904639	0	-0.426178	0	1.000000	0	0.426178	0	0.904639	201063.429711	0	8059.264955	0	wasserfluss
0.133558	0	-0.991041	0	1.000000	0	0.991041	0	0.133558	201149.191939	0	5307.343142	0	wasserfluss
-0.276388	0	-0.961046	0	1.000000	0	0.961046	0	-0.276388	201158.281176	0	5670.912599	0	wasserfluss
0.248865	0	-0.968538	0	1.000000	0	0.968538	0	0.248865	201159.506035	0	7524.553737	0	wasserfluss
-0.111108	0	-0.993808	0	1.000000	0	0.993808	0	-0.111108	201159.506035	0	7746.331119	0	wasserfluss
0.279348	0	-0.960190	0	1.000000	0	0.960190	0	0.279348	201199.719509	0	7923.928229	0	wasserfluss
-0.924938	0	-0.380119	0	1.000000	0	0.380119	0	-0.924938	201219.582345	0	2774.349351	0	wasserfluss
0.662265	0	-0.749270	0	1.000000	0	0.749270	0	0.662265	201247.513117	0	7364.606423	0	wasserfluss
0.947221	0	0.320581	0	1.000000	0	-0.320581	0	0.947221	201250.339400	0	2186.532365	0	wasserfluss
0.032949	0	-0.999457	0	1.000000	0	0.999457	0	0.032949	201319.793944	0	2836.484588	0	wasserfluss
0.447502	0	-0.894283	0	1.000000	0	0.894283	0	0.447502	201321.887432	0	4734.721247	0	wasserfluss
-0.483797	0	-0.875180	0	1.000000	0	0.875180	0	-0.483797	201322.799547	0	5948.462713	0	wasserfluss
0.318784	0	-0.947828	0	1.000000	0	0.947828	0	0.318784	201330.962798	0	2497.696013	0	wasserfluss
-0.539842	0	-0.841766	0	1.000000	0	0.841766	0	-0.539842	201366.236869	0	2915.434320	0	wasserfluss
0.740384	0	-0.672184	0	1.000000	0	0.672184	0	0.740384	201414.301336	0	7243.982801	0	wasserfluss
-0.122886	0	-0.992421	0	1.000000	0	0.992421	0	-0.122886	201420.562173	0	3486.326567	0	wasserfluss
-0.463917	0	-0.885879	0	1.000000	0	0.885879	0	-0.463917	201426.684777	0	6150.514727	0	wasserfluss
-0.266882	0	-0.963729	0	1.000000	0	0.963729	0	-0.266882	201430.092928	0	3098.424823	0	wasserfluss
0.741089	0	-0.671407	0	1.000000	0	0.671407	0	0.741089	201449.136742	0	4562.025755	0	wasserfluss
0.071074	0	-0.997471	0	1.000000	0	0.997471	0	0.071074	201477.746703	0	3328.116028	0	wasserfluss
0.007990	0	-0.999968	0	1.000000	0	0.999968	0	0.007990	201487.108303	0	6538.320641	0	wasserfluss
-0.404414	0	-0.914576	0	1.000000	0	0.914576	0	-0.404414	201505.385893	0	3612.132538	0	wasserfluss
-0.106495	0	-0.994313	0	1.000000	0	0.994313	0	-0.106495	201519.102418	0	6727.376770	0	wasserfluss
-0.152550	0	-0.988296	0	1.000000	0	0.988296	0	-0.152550	201524.919530	0	6334.721733	0	wasserfluss
0.823154	0	-0.567819	0	1.000000	0	0.567819	0	0.823154	201533.863641	0	2211.028758	0	wasserfluss
0.332012	0	-0.943275	0	1.000000	0	0.943275	0	0.332012	201536.414139	0	7105.489013	0	wasserfluss
-0.303124	0	-0.952951	0	1.000000	0	0.952951	0	-0.303124	201554.945819	0	3815.137628	0	wasserfluss
0.859912	0	-0.510442	0	1.000000	0	0.510442	0	0.859912	201581.631933	0	4483.243580	0	wasserfluss
-0.237927	0	-0.971283	0	1.000000	0	0.971283	0	-0.237927	201603.552670	0	3938.084372	0	wasserfluss
-0.158188	0	-0.987409	0	1.000000	0	0.987409	0	-0.158188	201614.989576	0	4047.688059	0	wasserfluss
-0.219008	0	-0.975723	0	1.000000	0	0.975723	0	-0.219008	201641.675690	0	4170.634804	0	wasserfluss
0.537152	0	-0.843485	0	1.000000	0	0.843485	0	0.537152	201658.831049	0	4437.495954	0	wasserfluss
-0.064746	0	-0.997902	0	1.000000	0	0.997902	0	-0.064746	201672.174106	0	4302.159228	0	wasserfluss
0.976147	0	-0.217109	0	1.000000	0	0.217109	0	0.976147	202034.069787	0	2081.787110	0	wasserfluss
0.892677	0	-0.450698	0	1.000000	0	0.450698	0	0.892677	202320.271671	0	2028.269687	0	wasserfluss
0.760556	0	-0.649272	0	1.000000	0	0.649272	0	0.760556	202559.936664	0	1804.892614	0	wasserfluss
0.548051	0	-0.836445	0	1.000000	0	0.836445	0	0.548051	202804.255345	0	1614.091365	0	wasserfluss
0.560493	0	-0.828159	0	1.000000	0	0.828159	0	0.560493	202850.294340	0	1435.492093	0	wasserfluss
0.898755	0	-0.438451	0	1.000000	0	0.438451	0	0.898755	203127.877581	0	1231.772202	0	wasserfluss
0.960665	0	-0.277709	0	1.000000	0	0.277709	0	0.960665	203428.096365	0	1147.186751	0	wasserfluss
0.986370	0	-0.164543	0	1.000000	0	0.164543	0	0.986370	203729.506493	0	1057.835922	0	wasserfluss
0.967439	0	-0.253102	0	1.000000	0	0.253102	0	0.967439	203926.078315	0	1049.496511	0	wasserfluss
0.936130	0	-0.351653	0	1.000000	0	0.351653	0	0.936130	204175.069291	0	923.214006	0	wasserfluss
0.963298	0	-0.268434	0	1.000000	0	0.268434	0	0.963298	204428.192762	0	858.769721	0	wasserfluss
0.997666	0	-0.068283	0	1.000000	0	0.068283	0	0.997666	204658.550377	0	788.964386	0	wasserfluss
0.966094	0	0.258190	0	1.000000	0	-0.258190	0	0.966094	204907.522747	0	828.520743	0	wasserfluss
0.934218	0	0.356702	0	1.000000	0	-0.356702	0	0.934218	205035.499200	0	877.384477	0	wasserfluss
end objects
